kernel:0:processing_system7_0_FCLK_CLK0:50.000000
kernel:1:processing_system7_0_FCLK_CLK1:100.000000
